npoints=244, a=(71.881148,20.668033,70.668033), b=(0.276962,-0.383940,0.880842)
npoints=96, a=(19.604167,41.937500,35.437500), b=(0.995838,-0.087015,-0.027125)
